element_index,Revit model,Revit category,Revit type,Revit family name,Revit material name,Revit building element,Cumulative material volume (m3),Tally Entry Division,Tally Entry Category,Tally Entry Name,Material Group,Material Name,Life Cycle Stage,Service Life,Acidification Potential Total (kgSO2eq),Eutrophication Potential Total (kgNeq),Global Warming Potential Total (kgCO2eq),Ozone Depletion Potential Total (CFC-11eq),Smog Formation Potential Total (kgO3eq),Primary Energy Demand Total (MJ),Non-renewable Energy Demand Total (MJ),Renewable Energy Demand Total (MJ),Mass Total (kg)
Element_0,Template_Model_1,Curtainwall Mullions,Mullion,Rectangular Mullion: 1 Square,Aluminum,Enclosure,1.302837136,08 - Openings and Glazing,Mullion,"Aluminum mullion, custom finish",Metal,"Aluminum extrusion, mill-finished, Kawneer - EPD",[B2-B5] Maintenance and Replacement,60,0.0,0.0,0.0,0.0,0.0,0.0,0.0,0.0,0.0
Element_1,Template_Model_1,Curtainwall Mullions,Mullion,Rectangular Mullion: 1 Square,Aluminum,Enclosure,1.302837136,08 - Openings and Glazing,Mullion,"Aluminum mullion, custom finish",Metal Coating,"Powder coating, metal stock",[B2-B5] Maintenance and Replacement,60,0.0,0.0,0.0,0.0,0.0,0.0,0.0,0.0,0.0
Element_2,Template_Model_1,Curtainwall Panels,Panel,System Panel: Glazed,Glass,Enclosure,23.79873641,08 - Openings and Glazing,Glass,"Glazing, double pane IGU",Glazing,"Glazing, double, insulated (air)",[B2-B5] Maintenance and Replacement,40,223.3835112,9.657798577,28779.54359,1.15e-08,2844.990673,415060.9291,395674.5121,20707.5309,20050.9039
Element_3,Template_Model_1,Floors,Floor,CLT,"Concrete, Lightweight",Superstructure,0.0,03 - Concrete,Cast-in-place Concrete,"Cast-in-place concrete, lightweight structural concrete, 3000 psi",Concrete,"Lightweight concrete, 3000 psi, 20% fly ash",[B2-B5] Maintenance and Replacement,60,0.0,0.0,0.0,0.0,0.0,0.0,0.0,0.0,0.0
Element_4,Template_Model_1,Floors,Floor,CLT,"Concrete, Lightweight",Superstructure,0.0,03 - Concrete,Cast-in-place Concrete,"Cast-in-place concrete, lightweight structural concrete, 3000 psi",Metal,"Steel, reinforcing rod",[B2-B5] Maintenance and Replacement,60,0.0,0.0,0.0,0.0,0.0,0.0,0.0,0.0,0.0
Element_5,Template_Model_1,Floors,Floor,CLT,Wood - Stained,Superstructure,0.0,06 - Wood/Plastics/Composites,Engineered Wood,Cross laminated timber (CLT),Wood,CLT (Cross laminated timber),[B2-B5] Maintenance and Replacement,60,0.0,0.0,0.0,0.0,0.0,0.0,0.0,0.0,0.0
Element_6,Template_Model_1,Floors,Floor,CLT Roof,Roof Membrane,Superstructure,0.0,07 - Thermal and Moisture Protection,Roofing Membranes,"PVC roofing membrane, sheet",Roofing membrane,"PVC membrane, sheet",[B2-B5] Maintenance and Replacement,20,34.44743791,3.193820462,14552.7318,8.8e-07,589.7473723,334767.5321,323604.8502,10986.50983,4512.579362
Element_7,Template_Model_1,Floors,Floor,CLT Roof,Roof Membrane,Superstructure,0.0,07 - Thermal and Moisture Protection,Roofing Membranes,"PVC roofing membrane, sheet",Adhesive / Sealant,"Adhesive, polychloroprene (neoprene)",[B2-B5] Maintenance and Replacement,20,1.190045393,0.100769254,650.9679492,3.59e-10,518.925357,19440.62497,18747.6998,702.8374018,244.939898
Element_8,Template_Model_1,Floors,Floor,CLT Roof,Insulation - Roof,Superstructure,0.0,07 - Thermal and Moisture Protection,Insulation,"Polyisocyanurate (PIR), board",Insulation,"PIR rigid foam insulation, roof, R=15, PIMA - EPD",[B2-B5] Maintenance and Replacement,60,0.0,0.0,0.0,0.0,0.0,0.0,0.0,0.0,0.0
Element_9,Template_Model_1,Floors,Floor,CLT Roof,"Concrete, Lightweight",Superstructure,0.0,03 - Concrete,Cast-in-place Concrete,"Cast-in-place concrete, lightweight structural concrete, 3000 psi",Concrete,"Lightweight concrete, 3000 psi, 20% fly ash",[B2-B5] Maintenance and Replacement,60,0.0,0.0,0.0,0.0,0.0,0.0,0.0,0.0,0.0
Element_10,Template_Model_1,Floors,Floor,CLT Roof,"Concrete, Lightweight",Superstructure,0.0,03 - Concrete,Cast-in-place Concrete,"Cast-in-place concrete, lightweight structural concrete, 3000 psi",Metal,"Steel, reinforcing rod",[B2-B5] Maintenance and Replacement,60,0.0,0.0,0.0,0.0,0.0,0.0,0.0,0.0,0.0
Element_11,Template_Model_1,Floors,Floor,CLT Roof,Wood - Stained,Superstructure,0.0,06 - Wood/Plastics/Composites,Engineered Wood,Cross laminated timber (CLT),Wood,CLT (Cross laminated timber),[B2-B5] Maintenance and Replacement,60,0.0,0.0,0.0,0.0,0.0,0.0,0.0,0.0,0.0
Element_12,Template_Model_1,Floors,Floor,SOG Floor,"Concrete, Cast-in-Place gray",Substructure,0.0,03 - Concrete,Cast-in-place Concrete,"Cast-in-place concrete, structural concrete, 4000 psi",Concrete,"Structural concrete, 4000 psi, 20% fly ash",[B2-B5] Maintenance and Replacement,60,0.0,0.0,0.0,0.0,0.0,0.0,0.0,0.0,0.0
Element_13,Template_Model_1,Floors,Floor,SOG Floor,"Concrete, Cast-in-Place gray",Substructure,0.0,03 - Concrete,Cast-in-place Concrete,"Cast-in-place concrete, structural concrete, 4000 psi",Metal,"Steel, reinforcing rod",[B2-B5] Maintenance and Replacement,60,0.0,0.0,0.0,0.0,0.0,0.0,0.0,0.0,0.0
Element_14,Template_Model_1,Floors,Floor,SOG Floor Insulation,Rigid insulation,Substructure,0.0,07 - Thermal and Moisture Protection,Insulation,"Expanded polystyrene (EPS), board",Insulation,"Expanded polystyrene (EPS), board",[B2-B5] Maintenance and Replacement,60,0.0,0.0,0.0,0.0,0.0,0.0,0.0,0.0,0.0
Element_15,Template_Model_1,Structural Columns,FamilyInstance,Glulam-Western Species-Column: 18x18,"Softwood, Lumber",Superstructure,77.95539377,06 - Wood/Plastics/Composites,Engineered Wood,Glue laminated timber (Glulam),Wood,"Glue laminated timber (Glulam), AWC - EPD",[B2-B5] Maintenance and Replacement,60,0.0,0.0,0.0,0.0,0.0,0.0,0.0,0.0,0.0
Element_16,Template_Model_1,Structural Foundations,FamilyInstance,Footing-Rectangular: 35' x 20' x 24,"Concrete, Cast-in-Place gray",Substructure,79.28717046,03 - Concrete,Cast-in-place Concrete,"Cast-in-place concrete, structural concrete, 4000 psi",Concrete,"Structural concrete, 4000 psi, 20% fly ash",[B2-B5] Maintenance and Replacement,60,0.0,0.0,0.0,0.0,0.0,0.0,0.0,0.0,0.0
Element_17,Template_Model_1,Structural Foundations,FamilyInstance,Footing-Rectangular: 35' x 20' x 24,"Concrete, Cast-in-Place gray",Substructure,79.28717046,03 - Concrete,Cast-in-place Concrete,"Cast-in-place concrete, structural concrete, 4000 psi",Metal,"Steel, reinforcing rod",[B2-B5] Maintenance and Replacement,60,0.0,0.0,0.0,0.0,0.0,0.0,0.0,0.0,0.0
Element_18,Template_Model_1,Structural Foundations,FamilyInstance,Footing-Rectangular: 84 x 84 x 24,"Concrete, Cast-in-Place gray",Substructure,55.50101932,03 - Concrete,Cast-in-place Concrete,"Cast-in-place concrete, structural concrete, 4000 psi",Concrete,"Structural concrete, 4000 psi, 20% fly ash",[B2-B5] Maintenance and Replacement,60,0.0,0.0,0.0,0.0,0.0,0.0,0.0,0.0,0.0
Element_19,Template_Model_1,Structural Foundations,FamilyInstance,Footing-Rectangular: 84 x 84 x 24,"Concrete, Cast-in-Place gray",Substructure,55.50101932,03 - Concrete,Cast-in-place Concrete,"Cast-in-place concrete, structural concrete, 4000 psi",Metal,"Steel, reinforcing rod",[B2-B5] Maintenance and Replacement,60,0.0,0.0,0.0,0.0,0.0,0.0,0.0,0.0,0.0
Element_20,Template_Model_1,Structural Framing,FamilyInstance,Glulam-Southern Pine: 10.75x31.5,"Softwood, Lumber",Superstructure,495.8232367,06 - Wood/Plastics/Composites,Engineered Wood,Glue laminated timber (Glulam),Wood,"Glue laminated timber (Glulam), AWC - EPD",[B2-B5] Maintenance and Replacement,60,0.0,0.0,0.0,0.0,0.0,0.0,0.0,0.0,0.0
Element_21,Template_Model_1,Structural Framing,FamilyInstance,Glulam-Southern Pine: 14.25x33,"Softwood, Lumber",Superstructure,210.3742599,06 - Wood/Plastics/Composites,Engineered Wood,Glue laminated timber (Glulam),Wood,"Glue laminated timber (Glulam), AWC - EPD",[B2-B5] Maintenance and Replacement,60,0.0,0.0,0.0,0.0,0.0,0.0,0.0,0.0,0.0
Element_22,Template_Model_1,Walls,Wall,Concrete - 16,"Concrete, Cast-in-Place gray",Enclosure,0.0,03 - Concrete,Cast-in-place Concrete,"Cast-in-place concrete, structural concrete, 6000 psi",Concrete,"Structural concrete, 6000 psi, Pacific Southwest regional average",[B2-B5] Maintenance and Replacement,60,0.0,0.0,0.0,0.0,0.0,0.0,0.0,0.0,0.0
Element_23,Template_Model_1,Walls,Wall,Concrete - 16,"Concrete, Cast-in-Place gray",Enclosure,0.0,03 - Concrete,Cast-in-place Concrete,"Cast-in-place concrete, structural concrete, 6000 psi",Metal,"Steel, reinforcing rod",[B2-B5] Maintenance and Replacement,60,0.0,0.0,0.0,0.0,0.0,0.0,0.0,0.0,0.0
Element_24,Template_Model_1,Walls,Wall,Generic - 5,Insulated Metal Panel,Enclosure,0.0,07 - Thermal and Moisture Protection,Cladding,"Insulated metal wall panel, custom",Metal,"Aluminum, sheet",[B2-B5] Maintenance and Replacement,60,0.0,0.0,0.0,0.0,0.0,0.0,0.0,0.0,0.0
Element_25,Template_Model_1,Walls,Wall,Generic - 5,Insulated Metal Panel,Enclosure,0.0,07 - Thermal and Moisture Protection,Cladding,"Insulated metal wall panel, custom",Metal Coating,"Powder coating, metal stock",[B2-B5] Maintenance and Replacement,60,0.0,0.0,0.0,0.0,0.0,0.0,0.0,0.0,0.0
Element_26,Template_Model_1,Walls,Wall,Generic - 5,Insulated Metal Panel,Enclosure,0.0,07 - Thermal and Moisture Protection,Cladding,"Insulated metal wall panel, custom",Insulation,Polyurethane foam (PUR) rigid board,[B2-B5] Maintenance and Replacement,60,0.0,0.0,0.0,0.0,0.0,0.0,0.0,0.0,0.0
Element_27,Template_Model_1,Walls,Wall,Generic - 5,Insulated Metal Panel,Enclosure,0.0,07 - Thermal and Moisture Protection,Cladding,"Insulated metal wall panel, custom",Metal,"Steel, sheet",[B2-B5] Maintenance and Replacement,60,0.0,0.0,0.0,0.0,0.0,0.0,0.0,0.0,0.0
Element_28,Template_Model_1,Walls,Wall,Generic - 5,Insulated Metal Panel,Enclosure,0.0,07 - Thermal and Moisture Protection,Cladding,"Insulated metal wall panel, custom",Metal,"Fasteners, stainless steel",[B2-B5] Maintenance and Replacement,60,0.0,0.0,0.0,0.0,0.0,0.0,0.0,0.0,0.0
Element_29,Template_Model_1,Walls,Wall,Generic - 5,Gypsum Sheathing,Enclosure,0.0,09 - Finishes,Plaster and gypsum board,Fiberglass mat gypsum sheathing,Plaster,Fiberglass mat gypsum sheathing board,[B2-B5] Maintenance and Replacement,60,0.0,0.0,0.0,0.0,0.0,0.0,0.0,0.0,0.0
Element_30,Template_Model_1,Walls,Wall,Generic - 5,Metal Studs with Insulation,Enclosure,0.0,05 - Metals,Steel,"Steel, C-stud metal framing with insulation",Metal,Cold formed structural steel,[B2-B5] Maintenance and Replacement,60,0.0,0.0,0.0,0.0,0.0,0.0,0.0,0.0,0.0
Element_31,Template_Model_1,Walls,Wall,Generic - 5,Metal Studs with Insulation,Enclosure,0.0,05 - Metals,Steel,"Steel, C-stud metal framing with insulation",Insulation,"Cellulose insulation, boards",[B2-B5] Maintenance and Replacement,60,0.0,0.0,0.0,0.0,0.0,0.0,0.0,0.0,0.0
Element_32,Template_Model_1,Walls,Wall,Generic - 5,Gypsum Wall Board,Enclosure,0.0,09 - Finishes,Plaster and gypsum board,"Wall board, gypsum",Plaster,"Wall board, gypsum, natural",[B2-B5] Maintenance and Replacement,30,8.890145493,0.561083289,5667.224782,6.63e-10,207.4852586,92434.67586,88961.29223,3525.491629,19056.46429
Element_33,Template_Model_1,Walls,Wall,Generic - 5,Gypsum Wall Board,Enclosure,0.0,09 - Finishes,Plaster and gypsum board,"Wall board, gypsum",Coating,"Paint, interior acrylic latex",[B2-B5] Maintenance and Replacement,7,27.73796577,1.460903601,7411.266126,3.95e-09,534.5057972,176306.9071,159423.9995,16885.33522,2930.45086
